32
40244 2
2159 86252
40941 3
53547 18412 97336
40113 2
27540 35977
40298 4
67461 85926 72862 43277
40782 7
2095 36725 64141 71748 99911 62803 37421
40331 7
32684 63041 51340 49217 2623 32599 23534
40170 7
51218 46955 64693 39147 12609 59038 69450
40381 8
34826 61772 28028 44849 35282 98763 58260 39307
41036 11
16142 89443 73598 6219 43530 31663 30600 35974 91792 30618 61472
40181 13
86279 79511 79916 24063 18456 30539 2707 9268 61114 37652 53156 4736 31106
40144 8
67337 7177 27027 19798 11301 6481 12732 48493
40428 12
43999 34807 33740 367 19780 96227 53214 49207 81785 25160 33938 19527
40956 15
20892 93699 10159 24378 9664 45789 48369 18910 57723 76147 11792 35138 62884 28726 28413
40220 12
26106 84406 85140 44585 32188 37305 54379 8848 90825 77479 25587 27416
40571 14
3483 73200 35339 32118 12704 15816 81107 51538 6961 90830 99955 18841 14167 73414
40563 10
3496 77430 72088 55917 16211 4723 69374 9592 84698 51567
40652 12
19646 55545 64790 37990 49661 43328 47379 95124 25992 9877 26350 94290
40516 15
77021 61303 72703 17330 70897 14666 43182 79390 75226 17636 94715 1804 78105 92947 85126
40486 14
85219 6016 41109 46755 89204 23902 17512 67088 65711 31085 18421 36458 43600 33385
41048 17
47500 55675 53225 49716 25708 11347 28157 6900 36420 79672 91111 39578 8941 96773 39097 89537 98258
40375 21
78046 13727 44687 24185 19197 87440 56813 34654 62421 89075 65345 38324 28202 15809 90778 80390 37622 68837 56099 58119 5874
40535 22
31747 84965 95703 32522 11718 46239 95274 87514 56133 58609 35239 97688 468 81036 34241 48405 3191 40494 37475 34335 79112 21866
40803 20
87338 95323 44773 18747 86675 49064 6977 1560 54963 26371 60396 39512 47401 81481 62254 90768 14638 129 71501 9559
40506 19
80456 76263 38572 39409 5175 11373 32315 54313 7785 84733 15264 71181 97729 82163 95533 43520 33777 22702 83364
40641 17
93418 30209 53375 96782 73074 24930 80208 51843 34813 62190 65129 54475 27260 93491 43135 59810 1339
40862 18
55343 48424 8710 82838 51709 77147 5687 10739 65447 7198 71309 22616 86598 34911 74542 44445 9091 67087
40729 25
40469 49084 42790 49760 7430 6335 76198 78674 59031 40806 86651 23563 33843 56522 44767 4119 32770 15381 72254 44432 44720 61500 85930 58470 94070
40665 27
11011 55720 34974 81791 82707 59448 96649 99859 49006 54181 44973 2500 86886 17779 21867 68289 46138 9327 77673 7647 15498 23335 47926 28502 11480 73215 18298
40116 33
99090 68177 55856 53237 55537 45590 36606 75734 15927 76713 50395 97127 5970 78008 5077 83873 95582 13135 96003 96106 57733 70569 38921 76572 84998 93685 22189 87997 35104 99055 10650 6889 15232
40691 25
90027 41681 15592 55095 33490 60436 97868 2728 49051 16350 93291 17130 79862 1754 85022 21401 16689 97737 42657 42065 66652 24465 26620 7206 12578
40142 16
46599 96634 53914 8545 57580 45152 15602 7907 22337 80104 96843 37083 91771 76659 51997 21523
40764 6
97347 30053 23733 5633 36618 29023