201
3932 10
95860 61208 53771 2762 80438 87407 16635 35265 26449 17609
726 10
46041 94298 85702 60277 58421 25467 49881 37101 56379 18408
8152 10
81519 36360 99866 65195 3217 19030 97062 74660 59355 83116
3942 10
12400 74548 77934 27533 10751 56888 78320 17500 59453 8859
7494 10
98554 87449 45194 15914 44619 95832 81654 18300 56217 57011
2537 10
39800 24530 14546 15676 87201 36578 74328 25095 57738 75084
4484 10
11648 26316 12157 94379 47841 11717 6157 32519 35860 15878
2609 10
15991 42915 72907 99990 63796 2006 16645 17423 14228 44888
6728 10
22221 61442 33427 80033 33668 26527 90973 95111 4392 92019
7198 11
7070 70642 92652 90624 18441 81733 95965 89075 72707 13858 33795
4562 10
81924 62721 52688 44792 21739 75480 75102 27168 57863 90823
6207 11
63158 57899 80204 57147 75760 35692 7771 78660 40983 23954 54788
5895 11
84700 62796 11335 3375 15703 64864 85219 57320 89369 79444 28082
4544 10
25569 98850 75478 45225 49509 47703 61294 87811 22022 32882
6083 10
63731 10662 88286 68601 12029 50626 10734 58448 86527 43767
1589 10
10960 16618 18780 89091 96446 40236 6539 84676 68669 98757
2340 9
94801 59757 26416 32689 4273 38090 18272 49021 82465
1386 10
47537 42207 42370 7345 50196 95531 96233 13734 1507 69011
4503 9
26202 66823 91242 61037 69617 73935 36366 82909 21181
5705 11
87745 92018 68037 2959 37006 11310 42883 98225 51132 69394 15177
6533 9
96290 39715 43014 20039 5910 93327 50867 5961 10557
3690 11
51563 72446 46642 917 45937 13113 57181 18689 7889 95018 39663
7935 10
76123 72749 1884 16859 77092 9571 64473 41831 15442 78364
9479 10
81871 87830 62583 45402 37554 19949 35578 38219 14603 12990
8336 10
71801 6009 11569 29760 52580 93640 14396 91595 86977 68383
9333 9
39568 96202 46174 25076 57882 70581 73664 47720 87526
913 10
32256 24136 76537 87626 1143 85509 29194 40902 11997 3780
1673 10
54410 73636 60936 44788 24632 73476 95564 93175 82601 37730
5408 11
82452 85725 14001 79372 31925 64608 71060 96532 44135 26162 37083
3179 9
90319 75515 843 87578 6397 62528 4345 32433 63263
1116 10
38177 4268 31468 98259 96662 88210 42278 3811 437 82435
8416 10
15930 57841 16936 88459 90133 47223 71145 35067 50564 94677
3848 10
92891 86443 20543 33625 28994 76963 10363 82369 46316 69861
8313 11
41244 11223 69127 36249 293 81148 29363 23557 64817 71608 26849
867 12
38823 8863 10948 33923 80862 90546 40430 5121 73805 33740 30450 30861
4784 10
57563 85546 63262 14547 58392 46343 41616 82189 25207 75207
8478 12
58266 16590 11021 32958 23823 58463 61724 84298 82122 34613 98544 20228
7556 10
5913 46250 32780 24663 92438 29892 77273 91990 22606 98979
7765 10
10488 88299 13592 10982 35285 70000 1046 40039 12272 93412
7093 10
81627 26720 16950 93421 53 52974 69164 48603 33515 2980
1371 10
73484 28773 23550 58716 35685 23113 37721 39846 13665 91230
10035 10
66251 90786 87372 4387 1122 22836 69125 95122 19425 24775
392 10
53449 40035 97706 96318 33538 87532 23671 68442 7376 90971
6039 9
41553 99748 92340 16340 19996 8962 13365 97795 71877
8028 10
71044 27903 39961 89039 34476 22850 69764 44740 31765 14802
110 10
42576 36199 2967 40578 25447 38822 24649 77591 12532 14256
135 10
14697 7718 38402 52920 16035 34846 45746 17816 39949 23008
6861 10
53101 66461 51623 66015 28765 36413 45826 59530 28729 41537
2598 11
43346 8341 12727 54906 28708 73749 39865 69814 12077 30044 32625
4861 10
5762 86021 52654 24468 6003 74731 27402 62949 51827 74803
4810 10
85880 2898 80858 79156 43311 78330 6924 6909 34288 67135
2971 11
37772 23544 44343 86546 38002 62737 39360 65327 57373 1471 48391
2566 12
67175 88048 91345 47254 41722 93459 13701 19116 2613 59639 35727 76078
1061 10
43419 38307 34996 40392 70043 82592 9304 99590 33658 38257
894 9
19740 81411 9991 64596 26937 19564 19230 74291 94453
3047 10
46635 3651 32741 38207 92941 21906 19849 98124 8012 96459
7966 11
42094 86664 24343 37216 782 31592 54524 89434 79481 45318 83344
5043 10
87883 82716 12584 43417 38013 22344 69710 25236 63712 50755
9060 10
87698 9 84994 9055 26710 57042 90950 24661 54370 95139
7522 11
48469 38539 44116 4558 39109 10471 83752 61478 70949 17949 91533
8627 11
65955 97439 76033 19148 31812 60051 16151 1885 23018 94401 9524
2911 13
91846 33415 38990 63047 58935 13946 15742 76070 82526 48868 73039 80054 95499
5682 10
22810 58726 99170 40151 43071 46074 19790 3960 76124 62665
1025 10
8095 62837 21489 67473 54049 81081 10542 49873 54010 81649
3031 10
33429 37072 39349 43391 48690 91223 13290 57801 63373 59672
3076 11
38303 96358 78019 92701 57087 90825 74210 91557 69552 67248 71809
533 10
10289 67190 67389 1166 14492 77698 12265 54623 74877 50022
3962 10
71775 92766 17058 68792 13943 74736 16396 49033 44330 15225
9739 10
84409 29352 93275 80294 44257 93788 74876 81300 99034 51609
9666 10
48216 76358 57624 65721 60741 85657 41865 3302 44518 52477
9027 10
33460 94812 25615 95160 10032 74755 54439 40811 88313 68159
6705 11
53396 51053 28095 82721 26103 42447 35757 36971 29446 75986 50051
9673 11
73438 45212 23543 69101 44169 45598 79675 2480 4039 59834 50136
7059 10
8805 38982 10551 15291 94465 99623 69000 17021 94854 80912
3997 10
91672 69117 59191 54849 62045 82385 72566 95176 91493 47318
6563 9
35200 12917 73533 6796 72385 34829 69851 62019 26437
3511 10
3314 42555 49314 81640 3928 41248 7093 36648 68454 70522
6209 10
93430 12003 1178 25854 71786 89884 61318 39924 19931 30948
366 9
71792 56629 9028 31348 7361 38301 79088 75928 66318
3671 9
43217 34246 93776 93536 63458 17505 45218 20474 65926
1534 10
67173 66369 75062 30652 28963 57828 10192 88559 61226 46926
5455 9
81779 54827 20823 39771 89849 54332 70343 6853 32073
4727 10
24657 91070 68943 56179 9367 38601 43516 44423 79127 24111
6760 11
715 76945 8197 77481 62446 21371 50595 48688 15571 503 71964
7813 10
2676 87456 40319 76137 12043 22803 21411 26360 29200 95984
4575 11
15984 99939 51366 14592 72109 69168 35752 1459 66240 62904 17253
6761 10
56416 37238 17522 1820 46249 86958 79387 67718 37975 62917
5609 10
73549 48132 57971 33125 1810 4638 51834 71417 2168 14426
1342 11
40793 25199 85545 99230 87838 53081 5539 52979 42657 96317 28886
8381 10
37014 55621 5987 11149 99369 90123 50357 76141 82420 92288
5974 12
38016 89584 20119 29896 45223 26282 77884 53553 49442 95237 52348 68608
2119 12
65795 19712 45876 41804 19719 58036 62269 93659 57464 62081 52019 71834
3880 11
71 24280 25832 50908 72790 39895 23965 54514 99673 10780 87183
8732 10
15455 80526 4011 56100 84600 43668 14281 77491 12150 57931
5985 10
17288 79516 51579 28311 60279 96452 32249 49250 20184 11689
4236 10
23054 10334 98409 48710 78485 76153 91306 82538 22388 32516
2495 10
48699 78730 84645 65485 22713 37167 32028 56459 55498 29566
1608 10
42613 19426 84090 47208 95112 19562 24102 8568 91455 96432
5864 9
19393 40935 56270 22455 21846 43041 23741 94656 49475
7975 10
42940 9257 27527 66772 27280 1899 31130 57116 19248 94447
1919 11
91420 88993 86779 90053 73741 62158 14562 58930 13396 7663 13090
7726 10
29804 34652 88033 84952 78800 64978 10479 86833 91478 34782
7125 11
10805 18708 76817 98482 33186 19809 52644 19506 52788 81812 5509
8700 10
3751 88971 67247 71301 27982 31755 89375 17317 13237 84428
2120 9
48808 88764 33626 8142 27424 83717 27597 57212 37139
9976 10
48488 71364 54404 753 49465 82041 57244 38918 85230 22230
7587 10
13594 4991 56872 21882 17619 81205 6180 3486 3233 8540
9288 9
68249 97307 31659 62816 24967 39482 34212 15639 89639
5997 11
42466 57497 49761 73997 8182 79355 76659 46241 68134 92526 5335
3365 10
37816 75728 65574 47961 71343 66478 39092 9498 48133 93217
444 10
62853 92172 79348 48368 55601 2071 57113 57134 75426 59833
6573 10
30685 712 30439 61905 38145 94134 66212 51189 24494 21482
1689 10
58925 51598 86999 30000 82106 21865 50456 87699 18483 61124
2205 11
92679 70517 32927 46999 55036 51655 13553 63984 55190 46413 91108
6238 10
23434 4393 84278 33433 10079 41058 20091 45167 50468 16377
8825 10
42803 36557 50213 72158 35704 87907 52394 54581 79366 49926
2644 10
43933 58985 33659 59519 61523 17663 37345 68213 49617 64936
7106 11
13796 7183 36510 6361 34237 15894 87664 90217 49643 24486 13948
3963 11
63139 16172 12835 81534 62399 66112 4454 90887 79396 99944 94439
4012 10
9287 75014 9976 39242 89278 79719 83920 53430 47014 78654
1754 9
8543 86486 12061 99131 20083 778 6746 52611 95041
8294 10
64145 2214 42087 36780 43912 14162 17510 16185 97350 41767
8563 11
85826 28102 12765 27624 6843 98328 97791 5600 48924 81485 28120
2467 10
62545 911 2335 60097 85684 96297 56880 81942 65115 68771
7260 10
23802 10599 22351 98560 47715 52041 98047 2966 34259 77358
7268 11
36602 27912 35693 76146 3503 32745 10114 16205 8315 33760 29546
7251 10
86023 10556 31687 21172 17264 75861 38851 56613 41231 61179
6425 11
29821 87465 28117 73496 95467 28543 79077 16779 79663 77264 94884
2998 12
31889 40590 18833 69486 15175 27128 8979 4151 3733 96321 26924 39434
7366 10
95955 64717 65909 80575 54967 89992 66531 71610 19785 81596
3454 10
41159 91215 65762 82948 684 12463 35278 34427 58495 94438
4430 11
96715 87042 2290 6287 60050 97836 72368 96206 52496 80442 71274
5214 11
83395 64125 19101 84008 17830 51753 10816 85069 11071 21348 39537
5326 9
69939 75304 76633 7428 53523 4140 41608 81726 52468
671 12
86139 89592 78054 20225 19435 57458 48390 96106 34855 16583 79996 53022
8235 12
67391 99499 93777 48135 75471 31082 44690 72541 87098 37649 29967 91573
8400 11
62377 15770 73038 54196 92704 51039 9754 41532 33813 10836 31408
3931 9
97043 8482 52117 45229 1385 96074 37192 45262 95758
1940 10
40971 77428 63096 96291 31430 21464 18197 42465 67353 54509
941 10
51795 43844 31571 28705 31266 87231 81413 87310 66305 51738
1961 11
83577 56532 58489 82072 62512 99241 4304 41096 88773 16674 36478
2821 10
6677 58561 51831 20963 34744 85313 91923 76938 7218 62891
6416 13
45745 65562 95115 35543 93730 66138 78012 51290 49234 92291 80217 87684 7698
6345 10
65026 40401 67258 63563 673 75975 71510 56909 2211 43794
1503 12
10231 42019 40767 74162 80403 59518 58077 60650 94238 68456 55951 8000
235 11
10386 54535 92939 35987 59512 3207 60779 29083 30895 5639 62166
8757 10
47553 14330 2549 54973 63005 34330 4513 413 68039 31294
1719 11
64868 93113 20145 8221 51729 66443 84316 18077 67940 70913 11813
9672 12
14704 60573 87140 9411 27562 344 19669 42095 95610 93520 26027 36646
1498 10
53546 75665 68616 71375 103 19404 71515 76576 62751 99371
8911 10
10736 46718 14451 72040 34524 63117 8164 23646 91350 59742
7321 11
45204 76831 265 99827 67444 11374 35359 54877 52456 20758 43834
1743 11
3013 59668 27493 54202 28340 60183 75457 90891 19854 5375 15825
4884 13
35026 80003 2787 88986 58761 54047 36121 1236 43219 16501 32891 85920 70228
6035 9
85177 6027 42760 16468 74948 304 4499 18249 91765
7656 11
48201 12878 78393 32630 44459 88297 20587 94494 78319 28347 25390
8200 10
8469 20532 34005 55181 77487 64161 26304 85721 21261 29785
10089 11
19518 60722 19744 69340 11994 59460 37255 40136 41493 34117 25891
1005 10
94250 89978 17697 66607 47661 51349 49717 27684 33693 36370
7008 10
10183 73471 62457 27705 34065 63169 22853 61145 73523 50819
6492 10
64944 7441 37278 70088 23266 91269 14491 49392 40893 88411
9298 10
68760 63255 80334 59003 98340 74088 70340 56094 78078 2800
5458 10
94076 24325 55334 88337 47236 24363 51824 48627 34864 54763
5141 10
6344 33533 89798 44984 82098 77644 40694 76299 95216 76255
5421 10
30320 16748 43115 29339 41430 72665 98558 57305 47769 29741
958 9
64479 54890 56199 23842 83065 22934 26965 48049 78640
615 9
86261 88571 14908 50076 14317 6102 50616 73933 89148
1835 9
71823 96598 49849 70285 81059 96789 63507 14248 56016
3771 11
38832 16371 14442 52258 85378 68647 72263 60017 2755 36487 52935
1095 9
95611 73844 40241 91045 89254 40938 26812 71309 20318
9248 10
19653 43265 4641 1148 46863 17832 84829 35691 83256 30171
9408 12
3306 91326 90102 16272 56228 76024 88640 13737 91396 56230 40543 28271
2364 9
94828 14017 38533 49431 37503 30429 50153 72784 41707
3391 10
99437 98322 56477 66322 84159 85366 82864 56650 29336 74390
3629 8
65857 71227 75927 36293 25057 31928 3068 80431
2004 9
14044 13505 73649 13558 12357 27383 27821 52719 46917
5161 13
74507 24465 68725 30345 44377 1253 44936 93835 46841 62839 28379 30186 58771
2527 10
93108 2173 88118 20810 20418 28599 42610 90369 69666 43798
8364 11
73485 48675 70759 89474 36427 9595 39083 46880 5559 14517 96851
5779 10
36692 91102 43007 67779 11571 76256 3053 73192 78727 9884
1892 11
36371 17425 36382 79919 82381 58344 47471 77864 69090 38582 65547
2724 11
24420 18658 60927 49035 29384 25284 75803 82652 56868 43112 20516
4385 9
22916 17795 77460 58477 92353 92034 47665 50001 46482
2843 11
89395 5936 36887 26435 5732 57184 21263 27303 23235 8141 31334
9425 10
64586 83968 76288 57864 79824 71920 59020 27150 48925 40380
8229 10
34904 63713 29696 74479 49453 72455 70005 62293 15553 39681
2145 9
60738 42001 29706 15192 95940 32198 23799 44872 9076
8502 10
54632 99951 79383 55298 99734 56229 21096 89322 88739 77403
9210 10
99103 84142 8444 78629 27498 54757 67737 93603 90052 34898
1749 10
25245 92600 80013 52036 23175 60467 25266 76065 56437 51556
8394 9
33613 64813 86386 1709 42220 6472 97824 88043 60942
2087 9
91284 68401 12008 99942 26753 7982 87918 16012 48807
4899 9
10125 94741 23975 75706 48649 95062 40310 71800 79893
1737 11
48483 58686 16939 88737 72206 28650 59802 61946 13540 96579 81321
9036 11
41698 84606 95187 28832 96158 43570 40024 49380 83286 802 30265
5688 12
59753 47083 36425 4681 53411 18561 12037 98776 14873 23922 60557 90730
1506 9
98931 43125 41090 18820 50245 18059 48761 46065 74221
6245 9
79897 16021 60822 39195 25696 97537 40190 37874 70664
6624 9
99333 58012 81752 73516 75060 32184 13636 1767 42980
2647 10
62329 67038 58155 81240 7915 17057 53410 43058 36494 83237
8761 11
58123 90733 43177 90480 50550 75847 69662 53263 33526 97226 87073