31
40244 2
86252 2159
40113 2
35977 27540
40941 3
18412 53547 97336
40381 8
58260 34826 61772 39307 44849 98763 28028 35282
40298 4
72862 85926 43277 67461
40144 8
27027 48493 12732 11301 67337 19798 6481 7177
40331 7
2623 63041 51340 32684 23534 32599 49217
41036 11
16142 30618 89443 35974 73598 61472 43530 30600 31663 91792 6219
40782 7
64141 37421 71748 99911 36725 62803 2095
40170 7
51218 64693 39147 12609 69450 46955 59038
40220 12
8848 85140 26106 44585 32188 84406 37305 54379 27416 90825 25587 77479
40563 10
77430 55917 9592 4723 3496 16211 84698 51567 72088 69374
40652 12
37990 47379 95124 49661 9877 55545 64790 43328 94290 26350 19646 25992
40181 13
9268 86279 18456 53156 79511 4736 79916 24063 30539 31106 61114 2707 37652
40571 14
99955 73200 6961 18841 90830 35339 81107 73414 14167 32118 12704 51538 3483 15816
41048 17
8941 28157 96773 39097 25708 49716 53225 89537 98258 11347 36420 47500 39578 6900 55675 79672 91111
40956 15
10159 48369 35138 76147 45789 9664 57723 11792 20892 28413 62884 24378 18910 28726 93699
40486 14
85219 67088 33385 17512 6016 31085 18421 41109 36458 46755 23902 65711 89204 43600
40516 15
61303 75226 79390 70897 17636 43182 1804 78105 92947 17330 85126 14666 94715 77021 72703
40428 12
25160 34807 33938 53214 367 96227 19780 43999 19527 49207 81785 33740
40535 22
32522 95703 46239 34335 95274 35239 97688 21866 48405 34241 87514 468 40494 11718 31747 56133 58609 79112 3191 37475 84965 81036
40375 21
38324 56813 58119 65345 62421 68837 80390 24185 13727 78046 19197 56099 87440 34654 89075 5874 90778 37622 28202 15809 44687
40803 20
86675 62254 6977 129 95323 9559 18747 54963 1560 81481 14638 71501 26371 47401 90768 87338 49064 44773 39512 60396
40550 23
99360 69742 57628 29185 33142 17196 41943 361 16126 34850 5722 34350 38383 1731 54622 26416 41428 25354 96331 33222 62328 98694 78089
40173 56
76660 4606 92834 20927 42304 95532 9885 31200 75158 8545 78073 50301 26670 21696 66788 73091 26781 6957 82778 64058 5900 53745 18980 70870 74892 7293 83902 33954 47163 62625 68745 87489 58282 76361 93204 75694 18539 41024 82696 56206 51690 20529 27268 7655 24321 68630 16897 75913 19935 74428 14121 31889 23246 76798 7137 36287
40103 50
12032 29858 9706 79344 56075 58617 58010 34153 6144 13796 91667 89753 28003 10822 89963 96856 32151 46617 6781 44236 98774 13966 34155 21401 87513 17578 39075 42606 606 45287 41830 51967 488 79699 13538 9152 93128 95331 6943 43243 37087 35175 41699 35841 40994 87029 20468 89806 62917 48764
41056 43
64055 73893 83108 7646 5988 71416 67298 24080 10384 54223 27198 77020 66088 38108 70981 23386 15689 24324 20095 34534 48600 54140 3390 26058 95929 47333 83246 69848 16111 77835 82417 69220 73268 76894 75264 52325 14896 84052 51243 59719 34988 83157 39417
40514 33
67960 19250 54090 4292 68289 58885 41203 12935 26246 55399 36383 5886 37280 96099 47108 84192 58220 46884 53423 32900 10418 67142 27293 14801 88281 10060 95045 50641 53342 54254 67533 84507 76916
40518 23
87646 34333 37463 51441 66261 57211 61535 27702 34048 24521 1312 16061 65715 85750 92000 20931 70701 6525 6889 91484 77584 97084 8355
40972 14
44523 19273 33191 60735 94876 69438 89915 80457 50624 49941 99327 3962 53325 19524
40626 4
55874 35377 62677 69122