204
8135 12
91573 75471 29967 87098 48135 44690 37649 93777 99499 31082 67391 72541
626 10
46041 58421 18408 49881 85702 94298 37101 25467 56379 60277
8052 10
36360 59355 83116 3217 97062 19030 65195 74660 81519 99866
3842 10
12400 77934 74548 78320 17500 8859 56888 27533 59453 10751
7835 10
15442 64473 76123 77092 16859 41831 1884 9571 78364 72749
9233 10
96202 15703 25076 87526 57882 47720 73664 46174 70581 39568
3832 10
87407 61208 17609 53771 95860 26449 2762 80438 16635 35265
2395 10
78730 22713 37167 56459 55498 48699 65485 32028 84645 29566
6908 10
63169 61145 27705 73523 73471 62457 22853 34065 10183 50819
5795 10
85219 62796 11335 89369 79444 64864 57320 84700 3375 28082
35 10
7718 45746 16035 34846 14697 52920 17816 38402 23008 39949
2947 10
8012 92941 19849 3651 46635 38207 21906 98124 32741 96459
8236 10
29760 11569 68383 71801 14396 86977 6009 91595 93640 52580
813 11
3780 18689 24136 76537 40902 29194 87626 11997 1143 32256 85509
668 10
65151 20039 50007 87425 12833 76401 24687 84936 4221 90269
1016 10
31468 437 96662 42278 3811 4268 98259 82435 88210 38177
2931 10
33429 39349 13290 37072 43391 59672 63373 48690 91223 57801
4462 10
27168 62721 21739 75480 90823 81924 44792 52688 57863 75102
7098 11
33795 81733 18441 72707 89075 70642 92652 13858 7070 90624 95965
7422 11
48469 17949 39109 38539 83752 44116 61478 70949 91533 4558 10471
8201 11
52339 97013 72486 29080 25094 84824 82777 29615 1598 23553 79656
6628 10
4392 26527 95111 33668 80033 90973 61442 92019 22221 33427
7394 10
56217 57011 81654 95832 98554 45194 44619 15914 87449 18300
4761 10
62949 51827 5762 52654 27402 74803 24468 6003 86021 74731
433 10
1166 54623 50022 67389 14492 12265 10289 67190 74877 77698
9573 11
50136 23543 69101 4039 45598 73438 2480 45212 59834 44169 79675
5983 10
63731 12029 58448 10662 10734 50626 88286 43767 68601 86527
5582 10
22810 76124 58726 62665 43071 40151 3960 19790 46074 99170
1654 10
12061 95041 86486 52611 778 6746 99131 75014 8543 20083
4475 11
1459 72109 35752 66240 17253 62904 51366 15984 14592 99939 69168
2840 11
35682 16371 97624 85002 34147 72094 92754 34727 15807 92488 62626
7433 10
64217 85552 69154 6511 16188 77170 87996 47588 24707 39656
1849 10
72423 79646 87993 94813 77871 96216 7500 58511 99694 26122
8213 11
81148 26849 29363 69127 41244 64817 23557 71608 11223 36249 293
7626 11
78800 31130 29804 84952 34652 86833 10479 34782 91478 88033 64978
3079 9
4345 63263 32433 62528 6397 75515 90319 87578 843
1128 10
85307 58500 47021 26616 43196 8463 34586 89118 6916 76111
1271 10
58716 23550 37721 73484 91230 23113 13665 28773 35685 39846
4602 10
34127 22144 98480 59639 8244 86457 21588 40654 25664 50556
4403 9
21181 61037 36366 66823 73935 26202 69617 82909 91242
130 11
23705 52276 78198 83421 78772 74051 92828 87349 15660 18406 67453
7713 10
95984 40319 29200 87456 76137 12043 2676 22803 21411 26360
9263 11
74019 75476 88547 59770 26990 12970 28839 66226 48751 81910 99340
9148 10
17832 35691 1148 4641 84829 30171 19653 43265 83256 46863
958 12
29849 75680 24157 68900 26238 69555 25989 40848 9956 37371 89529 52845
8466 10
52473 18516 5044 18494 87214 14360 18386 82331 42262 10269
8194 10
41767 64145 16185 36780 14162 43912 17510 2214 97350 42087
7875 9
57116 27280 9257 66772 42940 94447 1899 19248 27527
7151 10
41231 56613 21172 86023 10556 17264 31687 38851 61179 75861
5392 12
80471 10142 25586 94717 24569 37044 91267 68698 84161 46929 59234 67987
3960 11
26736 87002 4122 53946 18219 28723 56480 72800 49862 96774 95616
3538 10
4048 47103 6573 33639 54143 69699 73356 82409 86349 38280
8927 10
54439 74755 33460 94812 40811 25615 95160 88313 10032 68159
292 10
40035 87532 68442 23671 7376 97706 33538 96318 90971 53449
6155 10
32778 57471 74078 76335 18007 46859 22876 69690 17602 24398
6433 8
96290 43014 50867 39715 5961 5910 93327 10557
3411 10
3928 70522 49314 68454 42555 36648 7093 41248 3314 81640
1009 15
84566 63769 80321 34117 80790 64644 61557 34559 9205 50308 90991 765 59001 59609 27399
4684 10
63262 85546 75207 46343 58392 41616 14547 25207 82189 57563
5939 10
71877 16340 34613 99748 8962 19996 13365 92340 97795 41553
3100 11
39681 87994 13218 24447 89109 5805 37987 21658 94500 25071 10106
5918 11
62589 20161 33117 69940 50371 6862 84977 17453 74460 94782 92538
44 10
99995 55186 42450 44184 42293 70619 5774 47089 41077 68663
9745 10
58652 97956 42735 68958 32762 8361 77774 1077 92768 12697
9704 10
81793 63779 82553 64171 86859 55951 60594 59334 97986 98748
9443 12
97077 12783 49790 48613 97423 1309 86308 28666 8112 2436 33598 17774
1489 10
89091 40236 98757 6539 68669 96446 10960 18780 16618 84676
2240 9
94801 26416 38090 18272 59757 49021 82465 32689 4273
4136 10
23054 22388 91306 78485 98409 32516 10334 48710 82538 76153
5114 12
85069 83395 11071 17830 19101 71274 39537 84008 64125 10816 51753 21348
2400 11
85937 30185 36118 98531 86572 89660 37333 15302 71972 46872 52476
3036 10
74507 84314 36406 45857 68518 18825 43567 53531 63879 22894
5062 10
54585 71260 15438 53033 66731 19534 23941 19182 47053 58918
9989 10
60722 59460 11994 25891 37255 41493 19744 19518 40136 69340
4432 10
62446 14820 15801 859 12927 99618 79930 66211 26538 52831
8220 9
71457 52169 89452 32464 77883 49086 84665 32830 95225
7456 10
24663 29892 22606 32780 91990 98979 46250 77273 92438 5913
2255 10
59724 71410 68258 79845 81900 85228 74289 72338 59060 32285
6711 12
37438 10981 66419 23151 23332 35679 48988 58897 63614 80421 71164 65242
3944 10
24737 340 72868 45395 20268 64848 31866 39648 21773 71849
1828 10
88421 35173 13150 83994 25620 51385 73709 64136 27081 73342
482 13
90211 33348 62751 53762 37923 59758 86759 74759 52028 91369 85999 98519 5595
2396 10
24184 16423 75037 65472 45033 15301 53256 16990 39860 10328
9729 10
90372 34780 5126 36552 78062 63154 51893 6259 46723 67106
7119 9
42941 66016 37994 78285 99912 85033 71859 84218 13570
115 10
5443 60419 55235 50746 15264 44635 96238 76397 99249 58775
8960 10
57042 54370 87698 95139 9 90950 26710 24661 9055 84994
1630 10
14764 20363 85785 82512 74771 44063 84827 30501 4576 36035
1403 11
40767 8000 94238 42019 59518 58077 74162 10231 80403 60650 68456
5358 11
48627 14281 54763 51824 94076 47236 88337 24363 55334 24325 34864
5612 9
68163 90616 96278 92374 47520 41331 11437 51672 37504
8402 10
88739 99734 54632 55298 99951 77403 79383 89322 21096 56229
7821 10
25756 36866 18195 93025 72596 20879 27200 60773 27938 73014
8785 11
65482 30480 19337 42156 83357 42848 50314 1099 95574 47408 31066
122 10
70053 47800 12344 55902 13385 37843 78834 89613 22078 98090
8378 11
82122 23823 58266 20228 84298 58463 32958 61724 16590 98544 11021
905 10
94250 49717 17697 51349 36370 27684 47661 89978 33693 66607
6107 11
63158 78660 7771 23954 57147 40983 80204 35692 54788 75760 57899
6661 10
46249 1820 67718 62917 37975 56416 37238 17522 86958 79387
7551 10
22318 19026 17692 75567 52678 87640 73229 15219 88610 33309
2811 13
15742 91846 63047 38990 80054 58935 73039 48868 13946 82526 95499 76070 33415
2732 12
30026 32601 16158 55683 45352 61549 96872 60437 58308 12612 34513 98643
9198 10
70340 98340 63255 80334 78078 68760 2800 74088 56094 59003
5061 12
1253 93835 28379 44377 58771 30345 46841 24465 30186 68725 62839 44936
6206 10
98297 71132 74701 75841 59144 37971 32894 62469 43959 69794
1939 11
18390 28572 83143 75122 5946 7946 30426 87958 23542 68505 56298
3741 10
45364 24787 91495 52604 47947 28512 31961 71342 69500 43864
8184 10
32333 96366 48675 74594 83238 22969 45134 93957 85931 5474
6573 9
6298 25795 96088 92807 54403 27417 90076 82428 17491
7665 10
1046 93412 10488 10982 88299 12272 70000 40039 13592 35285
6035 9
28294 91064 41969 51749 29944 99183 37577 54408 81376
1796 10
41119 1442 1215 28708 44846 17528 24706 1510 63547 45384
4759 10
1234 61939 14827 2996 64757 41095 25050 66571 64719 85745
767 12
40430 30861 5121 73805 33740 8863 30450 90546 33923 10948 80862 38823
4384 10
15878 32519 94379 11648 11717 6157 47841 35860 12157 26316
5757 10
32976 57198 85173 75406 38249 93922 87720 86566 98236 13486
6752 10
1898 39855 30365 9358 2912 75042 4730 79713 10413 79282
2367 10
56880 60097 68771 65115 2335 85684 62545 96297 911 81942
3351 11
41045 67224 82425 34756 935 17430 27238 80184 80352 18637 84515
7866 11
45318 89434 83344 79481 54524 86664 31592 24343 42094 782 37216
8657 10
2549 31294 4513 47553 63005 34330 54973 14330 68039 413
9853 12
31917 70442 21719 21740 16240 19703 20331 38956 57591 57516 8873 26022
4943 10
87883 69710 63712 82716 22344 43417 38013 50755 25236 12584
7554 9
76030 41484 82637 86674 86462 43752 49762 53666 94040
1917 9
97685 97204 30845 38740 51209 5726 30149 79056 8400
8778 11
85897 32725 28906 11083 56721 77976 4369 44276 67422 59388 92574
1286 10
42370 47537 69011 50196 7345 96233 42207 1507 95531 13734
5588 12
36425 23922 98776 59753 4681 53411 47083 14873 60557 90730 12037 18561
1406 9
41090 18820 48761 50245 43125 18059 74221 98931 46065
8269 10
38395 79907 92585 19870 40964 95653 99085 54099 75850 19008
1436 10
67474 98677 3209 9923 957 32549 61802 23877 47912 5145
4868 10
83325 93489 18871 43937 26822 71536 60537 29978 84747 34537
5317 10
77394 64468 3624 82990 15637 8016 63086 64764 22543 76391
3354 10
34427 82948 91215 41159 12463 684 94438 58495 65762 35278
7221 11
11374 35359 76831 99827 67444 43834 45204 52456 20758 265 54877
8977 10
35909 57923 15729 65705 53051 12943 10076 8352 45346 43328
3977 11
31487 70185 45953 34405 17608 41424 66174 75830 7361 28302 14942
4784 13
16501 35026 70228 88986 36121 32891 54047 2787 85920 43219 1236 80003 58761
6226 10
50127 39772 19212 61711 34216 85280 13235 94700 79337 3370
2190 11
51861 93575 18921 3471 89360 16282 27088 71270 81276 39578 962
8753 11
23287 77601 19626 55031 81449 89541 48862 78519 70763 63736 4624
5041 10
77644 76255 89798 82098 33533 6344 40694 95216 44984 76299
1840 10
42465 31430 96291 77428 18197 54509 67353 63096 40971 21464
5571 14
30386 2066 82035 65286 73654 27812 51775 12456 32815 39285 89448 65865 26993 33466
5996 12
76764 57764 73667 41087 71949 43453 79553 53352 89268 17702 82015 68575
6660 10
50595 71964 76945 77481 15571 8197 21371 503 715 48688
4802 11
17507 50832 21686 59129 80829 58723 2330 29582 17950 27414 31988
2160 11
19197 24222 59827 80703 56099 68211 66198 98279 89967 53774 62318
3161 10
38118 7158 46531 84965 70981 32535 72433 89282 58239 48055
5156 11
92323 93074 14426 52173 90351 49531 32131 71747 60653 62996 2718
135 11
29083 54535 60779 62166 10386 3207 92939 30895 5639 35987 59512
6676 11
90738 92198 95455 26075 65973 88551 69006 32079 67199 19224 12465
7250 15
36314 93148 42888 25521 83932 47580 73512 49418 493 86071 46605 5116 84409 97580 34258
1050 13
55356 838 81282 90938 95134 28851 21568 16394 71701 50543 19668 85825 69489
3862 10
17058 44330 71775 49033 13943 74736 16396 68792 15225 92766
5605 11
87745 98225 68037 92018 11310 51132 69394 42883 2959 37006 15177
7502 9
45189 87695 33929 31377 67439 21434 56962 46129 58881
5101 11
19596 40097 5196 67653 2188 79052 92877 2389 4056 12756 82206
2437 10
25095 36578 74328 87201 14546 15676 39800 75084 57738 24530
4014 10
18497 39304 62085 51144 36549 20704 55607 89780 96015 45552
6400 13
1317 6441 2655 97533 54193 71430 22744 75938 55219 66453 23947 36956 12785
6800 10
63815 83103 83089 88125 62814 41628 82153 1443 20516 34778
2933 9
7720 51994 73492 22198 99932 48831 88362 37321 74500
716 14
29648 42009 93378 95611 35637 64689 68385 20469 54352 95300 62225 60691 33336 33985
858 10
64479 56199 26965 83065 54890 22934 16748 23842 78640 48049
2244 9
30155 13962 86802 2579 5901 1072 67510 41287 52907
8232 10
48305 53274 27378 2559 76261 75639 13232 50807 53919 2642
1527 11
78014 77534 27382 56456 77085 61821 87633 35749 69907 69549 57432
5856 13
60950 10494 60909 55828 27830 32884 65307 86198 96312 68208 9544 1399 51996
1243 9
97141 8279 30294 11720 53716 45667 95145 34869 81991
1649 10
51556 56437 80013 76065 25266 52036 23175 25245 60467 92600
6580 10
1300 480 67781 55542 11889 31 66649 1115 97376 73571
8715 10
48680 88316 92398 49514 56455 99282 35523 37207 6515 16746
7623 11
44311 88658 91002 35565 16115 17748 79222 66413 62283 29517 60148
1351 11
36129 2942 28930 91501 59813 47154 36187 19843 31055 21165 89302
8589 9
18091 54545 74056 32434 58403 82105 19589 31715 66961
807 10
98228 12158 18713 91342 92675 74967 9120 1648 89492 37474
5885 10
20184 17288 60279 49250 96452 32249 11689 51579 28311 79516
5988 11
52086 18524 3059 44307 72935 21435 59683 73609 44669 73481 66802
7355 14
99586 39465 14013 29612 83066 82119 77129 94858 17706 83844 59912 85652 19447 87476
382 10
55478 18752 16686 32577 86427 21732 57816 25096 34071 6238
8411 10
38858 63966 88068 82107 60208 84790 38049 81105 25138 25235
8527 11
1885 60051 76033 31812 97439 65955 23018 9524 94401 19148 16151
9279 10
6564 7327 44752 9652 76171 24532 83034 91244 8995 899
740 9
18399 62087 67741 81776 62447 38908 58208 52472 51223
6761 10
66461 36413 53101 41537 51623 28729 28765 66015 45826 59530
8661 11
43177 90733 69662 53263 87073 90480 58123 33526 97226 75847 50550
2624 10
82652 18658 56868 75803 49035 29384 24420 43112 60927 25284
4285 9
17795 77460 22916 58477 92353 47665 92034 50001 46482
1124 11
27955 14840 54796 58333 43942 34924 30731 6475 28968 77114 22749
2019 12
65795 93659 62081 19719 58036 41804 52019 62269 57464 71834 45876 19712
1987 9
7982 87918 12008 68401 26753 48807 99942 16012 91284
5810 13
74884 81225 51085 74309 78493 92677 86804 61998 63360 28584 21603 7993 78145
6356 12
81229 81947 68912 73897 72476 48094 21125 4400 25571 40096 17388 65326
2370 11
76094 29073 37839 56371 4784 40125 1692 41032 95030 12362 2169
7759 9
93343 63694 96111 5659 21862 92308 18673 46054 8870
1508 10
42613 91455 47208 84090 95112 96432 24102 8568 19562 19426
2658 12
8440 41221 10551 7060 31296 43496 66653 17993 68423 32257 2239 92277
3796 11
68975 62749 11078 91633 77285 30784 89908 82994 78700 90438 83477
8404 10
58196 13368 36801 37115 82120 96954 91728 44882 13529 38866
17 10
72496 7594 51970 44591 260 29228 45853 55850 16957 96442
6286 12
20746 39771 78870 60834 26168 35121 27488 81718 89494 76219 4954 17630
7943 10
71878 86278 312 29856 47827 73886 47444 98499 41555 3135
284 10
12040 88005 39353 87228 44892 80817 47211 93081 54762 51896