33
144 2
2159 86252
13 2
27540 35977
841 3
97336 53547 18412
281 8
35282 28028 44849 98763 39307 61772 34826 58260
198 4
67461 43277 85926 72862
44 8
7177 6481 19798 67337 11301 12732 48493 27027
231 7
49217 32599 32684 23534 51340 63041 2623
936 11
6219 91792 31663 30600 43530 61472 73598 35974 89443 16142 30618
682 7
2095 62803 36725 99911 71748 37421 64141
70 7
59038 46955 69450 39147 12609 51218 64693
120 12
77479 25587 90825 27416 37305 54379 84406 32188 44585 26106 85140 8848
463 10
72088 69374 51567 84698 3496 16211 4723 9592 55917 77430
552 12
25992 19646 26350 94290 43328 64790 55545 49661 9877 95124 47379 37990
81 13
37652 2707 61114 31106 30539 79916 24063 4736 79511 18456 53156 86279 9268
471 14
15816 3483 51538 12704 32118 14167 73414 81107 35339 90830 6961 18841 73200 99955
948 17
91111 79672 55675 6900 39578 47500 36420 11347 98258 53225 89537 49716 25708 39097 96773 28157 8941
856 15
93699 28726 18910 24378 62884 28413 20892 11792 9664 57723 45789 76147 35138 10159 48369
386 14
43600 89204 65711 23902 46755 41109 36458 18421 31085 6016 17512 67088 33385 85219
416 15
72703 77021 94715 14666 85126 17330 92947 78105 1804 43182 17636 70897 79390 75226 61303
328 12
33740 81785 49207 19527 43999 19780 96227 367 53214 33938 34807 25160
435 22
81036 84965 3191 37475 58609 79112 31747 56133 11718 40494 468 87514 34241 48405 21866 97688 35239 95274 95703 46239 34335 32522
275 21
44687 15809 28202 37622 90778 34654 89075 5874 87440 56099 19197 78046 13727 24185 80390 68837 62421 65345 58119 56813 38324
703 20
60396 39512 44773 49064 87338 90768 47401 26371 71501 14638 81481 1560 18747 54963 9559 95323 129 6977 62254 86675
450 23
78089 98694 62328 33222 96331 25354 41428 26416 54622 1731 34350 38383 5722 34850 361 16126 41943 17196 33142 99360 69742 57628 29185
221 21
44632 59295 2939 18439 63931 9653 71305 58210 8930 55582 66391 7527 4511 95958 69314 30788 68448 96568 62039 47015 42072
565 27
99859 18298 23335 21867 11011 47926 46138 73215 59448 28502 2500 82707 96649 49006 44973 11480 81791 55720 9327 15498 54181 7647 86886 17779 77673 34974 68289
146 24
57078 77474 91766 10833 46781 59379 95077 56219 97504 65870 93375 8225 24660 49987 60993 34321 65104 24728 16197 45698 88157 70432 64312 51690
406 19
80456 82163 76263 71181 22702 39409 95533 5175 97729 32315 38572 11373 54313 7785 33777 83364 84733 15264 43520
628 24
46407 86412 11306 21435 195 39111 41450 61834 20111 36084 2077 7421 26672 75296 76074 28769 84904 62512 24701 98692 71292 5476 90249 41304
762 18
71309 48424 82838 67087 74542 8710 51709 77147 55343 5687 7198 44445 65447 34911 9091 22616 86598 10739
629 25
72254 58470 86651 76198 49760 85930 7430 42790 49084 56522 44767 40469 78674 6335 33843 59031 4119 15381 44432 44720 94070 32770 40806 61500 23563
904 32
86671 23015 96194 57341 1856 54659 22015 63021 20175 81671 98418 43209 86160 79888 27513 55707 85665 66038 24938 68927 41572 79128 99157 34195 53883 69792 65717 44885 89214 2428 62037 42169
880 8
87510 44503 61245 94920 52590 50044 21784 18699