204
8135 12
72541 67391 31082 99499 93777 37649 44690 48135 87098 29967 75471 91573
626 10
60277 56379 25467 37101 94298 85702 49881 18408 58421 46041
8052 10
99866 81519 74660 65195 19030 97062 3217 83116 59355 36360
3842 10
10751 59453 27533 56888 8859 17500 78320 74548 77934 12400
7835 10
72749 78364 9571 1884 41831 16859 77092 76123 64473 15442
9233 10
39568 70581 46174 73664 47720 57882 87526 25076 15703 96202
3832 10
35265 16635 80438 2762 26449 95860 53771 17609 61208 87407
2395 10
29566 84645 32028 65485 48699 55498 56459 37167 78730 22713
6908 10
50819 10183 34065 22853 62457 73471 27705 73523 63169 61145
5795 10
28082 3375 84700 57320 64864 79444 89369 11335 62796 85219
35 10
39949 23008 38402 17816 52920 14697 34846 16035 45746 7718
2947 10
96459 32741 21906 98124 38207 46635 3651 19849 92941 8012
8236 10
52580 93640 91595 6009 86977 71801 14396 68383 11569 29760
813 11
85509 32256 1143 11997 87626 29194 40902 76537 24136 18689 3780
668 10
90269 4221 84936 24687 76401 87425 12833 50007 20039 65151
1016 10
38177 88210 82435 98259 4268 3811 96662 42278 437 31468
2931 10
57801 91223 48690 63373 59672 43391 37072 13290 39349 33429
4462 10
75102 57863 52688 44792 81924 90823 75480 21739 62721 27168
7098 11
95965 90624 7070 13858 92652 70642 89075 72707 18441 81733 33795
7422 11
10471 4558 91533 70949 61478 44116 83752 38539 39109 17949 48469
8201 11
79656 23553 1598 29615 82777 84824 25094 29080 72486 97013 52339
6628 10
33427 22221 92019 61442 90973 80033 33668 95111 26527 4392
7394 10
18300 87449 15914 44619 45194 98554 95832 81654 57011 56217
4761 10
74731 86021 6003 24468 74803 27402 52654 5762 51827 62949
433 10
77698 74877 67190 10289 14492 12265 67389 50022 54623 1166
9573 11
79675 44169 59834 45212 2480 73438 45598 69101 4039 23543 50136
5983 10
86527 68601 43767 88286 50626 10734 10662 12029 58448 63731
5582 10
99170 46074 19790 3960 40151 43071 58726 62665 76124 22810
1654 10
20083 8543 75014 99131 6746 778 52611 86486 95041 12061
4475 11
69168 99939 14592 15984 51366 62904 66240 17253 35752 72109 1459
2840 11
62626 92488 15807 34727 92754 72094 34147 85002 97624 16371 35682
7433 10
39656 24707 47588 87996 77170 16188 6511 69154 85552 64217
1849 10
26122 99694 58511 7500 96216 77871 94813 79646 87993 72423
8213 11
293 36249 11223 71608 23557 64817 41244 69127 29363 26849 81148
7626 11
64978 88033 91478 34782 10479 34652 86833 84952 29804 31130 78800
3079 9
843 87578 90319 75515 6397 62528 32433 63263 4345
1128 10
76111 6916 89118 34586 8463 43196 26616 58500 47021 85307
1271 10
39846 35685 28773 23113 13665 91230 73484 37721 23550 58716
4602 10
50556 25664 40654 21588 86457 8244 59639 98480 22144 34127
4403 9
91242 82909 69617 26202 73935 66823 36366 61037 21181
130 11
67453 18406 15660 87349 92828 74051 78772 83421 78198 52276 23705
7713 10
26360 21411 22803 2676 12043 76137 87456 40319 29200 95984
9263 11
99340 81910 48751 66226 28839 12970 26990 59770 88547 75476 74019
9148 10
46863 83256 43265 19653 30171 84829 4641 1148 35691 17832
958 12
52845 89529 37371 9956 40848 25989 69555 26238 68900 24157 75680 29849
8466 10
10269 42262 82331 18386 14360 87214 18494 5044 18516 52473
8194 10
42087 97350 2214 17510 43912 14162 36780 16185 64145 41767
7875 9
27527 1899 19248 94447 42940 66772 9257 27280 57116
7151 10
75861 61179 38851 31687 17264 10556 86023 21172 56613 41231
5392 12
67987 59234 46929 84161 68698 91267 37044 24569 94717 25586 10142 80471
3960 11
95616 96774 49862 72800 56480 28723 18219 53946 4122 87002 26736
3538 10
38280 86349 82409 73356 69699 54143 33639 6573 47103 4048
8927 10
68159 10032 88313 95160 25615 40811 94812 33460 74755 54439
292 10
53449 90971 96318 33538 97706 7376 23671 68442 87532 40035
6155 10
24398 17602 69690 22876 46859 18007 76335 74078 57471 32778
6433 8
10557 93327 5910 5961 39715 50867 43014 96290
3411 10
81640 3314 41248 7093 42555 36648 68454 49314 70522 3928
1009 15
27399 59609 59001 765 90991 50308 9205 34559 61557 64644 80790 34117 80321 63769 84566
4684 10
57563 82189 25207 14547 41616 58392 46343 75207 85546 63262
5939 10
41553 97795 92340 13365 19996 8962 99748 34613 16340 71877
3100 11
10106 25071 94500 21658 37987 5805 89109 24447 13218 87994 39681
5918 11
92538 74460 94782 17453 84977 6862 50371 69940 33117 20161 62589
44 10
68663 41077 5774 47089 70619 42293 44184 42450 55186 99995
9745 10
12697 92768 1077 77774 8361 32762 68958 42735 97956 58652
9704 10
98748 97986 59334 60594 55951 86859 64171 82553 63779 81793
9443 12
17774 33598 2436 8112 28666 86308 1309 97423 48613 49790 12783 97077
1489 10
84676 16618 18780 10960 96446 68669 6539 98757 40236 89091
2240 9
4273 32689 82465 49021 59757 18272 38090 26416 94801
4136 10
76153 82538 48710 10334 32516 98409 78485 91306 22388 23054
5114 12
21348 51753 10816 64125 84008 39537 71274 19101 17830 11071 83395 85069
2400 11
52476 46872 71972 37333 15302 89660 86572 98531 36118 30185 85937
3036 10
22894 63879 53531 43567 18825 68518 45857 36406 84314 74507
5062 10
58918 47053 19182 23941 19534 66731 53033 15438 71260 54585
9989 10
69340 40136 19518 19744 37255 41493 25891 11994 59460 60722
4432 10
52831 26538 66211 79930 99618 12927 859 15801 14820 62446
8220 9
95225 32830 84665 49086 77883 32464 89452 52169 71457
7456 10
5913 92438 77273 46250 98979 91990 32780 22606 29892 24663
2255 10
32285 59060 72338 74289 85228 81900 79845 68258 71410 59724
6711 12
65242 71164 80421 63614 48988 58897 35679 23332 23151 66419 10981 37438
3944 10
71849 21773 39648 31866 64848 20268 45395 72868 340 24737
1828 10
73342 27081 64136 73709 51385 25620 83994 13150 35173 88421
482 13
5595 98519 85999 91369 52028 74759 86759 59758 37923 53762 62751 33348 90211
2396 10
39860 10328 16990 53256 15301 45033 65472 75037 16423 24184
9729 10
67106 46723 6259 51893 63154 78062 36552 5126 34780 90372
7119 9
13570 84218 71859 85033 99912 78285 66016 37994 42941
115 10
58775 99249 76397 96238 44635 15264 50746 55235 60419 5443
8960 10
84994 9055 24661 26710 90950 9 95139 87698 54370 57042
1630 10
36035 4576 30501 84827 44063 74771 82512 85785 20363 14764
1403 11
68456 60650 80403 10231 74162 58077 59518 42019 94238 8000 40767
5358 11
34864 24325 55334 24363 88337 47236 94076 51824 54763 14281 48627
5612 9
37504 51672 11437 41331 47520 92374 96278 68163 90616
8402 10
56229 21096 89322 79383 77403 99951 55298 54632 99734 88739
7821 10
73014 27938 60773 27200 20879 72596 93025 18195 36866 25756
8785 11
31066 47408 95574 1099 50314 42848 83357 42156 19337 30480 65482
122 10
98090 22078 89613 78834 13385 37843 55902 12344 47800 70053
8378 11
11021 98544 16590 61724 32958 58463 84298 20228 58266 23823 82122
905 10
66607 33693 89978 47661 27684 36370 51349 17697 49717 94250
6107 11
57899 75760 54788 35692 80204 40983 57147 23954 7771 78660 63158
6661 10
79387 86958 17522 37238 56416 37975 62917 67718 1820 46249
7551 10
33309 88610 15219 73229 87640 52678 75567 17692 19026 22318
2811 13
33415 76070 95499 82526 13946 48868 73039 58935 80054 38990 63047 91846 15742
2732 12
98643 34513 12612 58308 60437 96872 61549 45352 55683 16158 32601 30026
9198 10
59003 56094 74088 2800 68760 78078 80334 63255 98340 70340
5061 12
44936 62839 68725 30186 24465 46841 30345 44377 58771 28379 93835 1253
6206 10
69794 43959 62469 32894 37971 59144 75841 74701 71132 98297
1939 11
56298 68505 23542 87958 30426 7946 5946 75122 83143 28572 18390
3741 10
43864 69500 71342 31961 28512 47947 52604 91495 24787 45364
8184 10
5474 85931 93957 45134 22969 83238 74594 48675 96366 32333
6573 9
17491 82428 90076 27417 54403 96088 92807 25795 6298
7665 10
35285 13592 40039 70000 12272 88299 10982 10488 93412 1046
6035 9
81376 54408 37577 99183 29944 51749 41969 91064 28294
1796 10
45384 63547 1510 24706 17528 44846 28708 1215 1442 41119
4759 10
85745 64719 66571 25050 41095 64757 2996 14827 61939 1234
767 12
38823 80862 10948 33923 90546 30450 8863 33740 5121 73805 40430 30861
4384 10
26316 12157 35860 47841 6157 11717 11648 94379 32519 15878
5757 10
13486 98236 86566 87720 93922 38249 75406 85173 57198 32976
6752 10
79282 10413 79713 4730 75042 2912 9358 30365 39855 1898
2367 10
81942 911 96297 62545 2335 85684 65115 68771 60097 56880
3351 11
84515 18637 80352 80184 27238 17430 34756 935 82425 67224 41045
7866 11
37216 782 42094 24343 31592 86664 54524 79481 83344 89434 45318
8657 10
413 68039 14330 54973 34330 63005 47553 4513 31294 2549
9853 12
26022 8873 57516 38956 57591 20331 19703 16240 21740 21719 70442 31917
4943 10
12584 25236 50755 38013 43417 22344 82716 63712 69710 87883
7554 9
94040 53666 49762 43752 86462 86674 82637 41484 76030
1917 9
8400 79056 30149 5726 51209 38740 30845 97204 97685
8778 11
92574 59388 67422 44276 4369 77976 56721 11083 28906 32725 85897
1286 10
13734 95531 1507 42207 96233 7345 50196 69011 47537 42370
5588 12
18561 12037 90730 60557 14873 47083 53411 4681 59753 98776 23922 36425
1406 9
46065 98931 74221 18059 43125 50245 48761 18820 41090
8269 10
19008 75850 54099 99085 95653 40964 19870 92585 79907 38395
1436 10
5145 47912 23877 61802 32549 957 9923 98677 3209 67474
4868 10
34537 84747 29978 60537 71536 26822 43937 18871 93489 83325
5317 10
76391 22543 64764 63086 8016 15637 82990 3624 64468 77394
3354 10
35278 65762 58495 94438 684 12463 41159 91215 82948 34427
7221 11
54877 265 20758 52456 45204 43834 67444 99827 76831 35359 11374
8977 10
43328 45346 8352 10076 12943 53051 65705 15729 57923 35909
3977 11
14942 28302 7361 75830 66174 41424 17608 34405 45953 70185 31487
4784 13
58761 80003 1236 43219 85920 2787 54047 32891 36121 88986 70228 35026 16501
6226 10
3370 79337 94700 13235 85280 34216 61711 19212 39772 50127
2190 11
962 39578 81276 71270 27088 16282 89360 18921 3471 93575 51861
8753 11
4624 63736 70763 78519 48862 89541 81449 55031 19626 77601 23287
5041 10
76299 44984 95216 40694 6344 33533 82098 89798 76255 77644
1840 10
21464 40971 63096 67353 54509 18197 77428 96291 31430 42465
5571 14
33466 26993 65865 89448 39285 32815 12456 51775 73654 27812 65286 82035 2066 30386
5996 12
68575 82015 17702 89268 53352 79553 43453 71949 41087 73667 57764 76764
6660 10
48688 715 503 21371 8197 15571 77481 76945 71964 50595
4802 11
31988 27414 17950 29582 2330 58723 80829 59129 21686 50832 17507
2160 11
62318 53774 89967 98279 66198 68211 56099 80703 59827 24222 19197
3161 10
48055 58239 89282 72433 32535 70981 46531 84965 7158 38118
5156 11
2718 62996 60653 71747 32131 49531 90351 52173 14426 93074 92323
135 11
59512 35987 5639 30895 92939 3207 10386 62166 60779 54535 29083
6676 11
12465 19224 67199 32079 69006 88551 65973 26075 95455 92198 90738
7250 15
34258 97580 84409 5116 46605 86071 493 49418 73512 47580 83932 25521 42888 93148 36314
1050 13
69489 85825 19668 50543 71701 16394 21568 28851 95134 90938 81282 838 55356
3862 10
92766 15225 68792 16396 74736 13943 49033 71775 44330 17058
5605 11
15177 37006 2959 42883 69394 51132 11310 92018 68037 98225 87745
7502 9
58881 46129 56962 21434 67439 31377 33929 87695 45189
5101 11
82206 12756 4056 2389 92877 79052 2188 67653 5196 40097 19596
2437 10
24530 57738 75084 39800 15676 14546 87201 74328 36578 25095
4014 10
45552 96015 89780 55607 20704 36549 51144 62085 39304 18497
6400 13
12785 36956 23947 66453 55219 75938 22744 71430 54193 97533 2655 6441 1317
6800 10
34778 20516 1443 82153 41628 62814 88125 83089 83103 63815
2933 9
74500 37321 88362 48831 99932 22198 73492 51994 7720
716 14
33985 33336 60691 62225 95300 54352 20469 68385 64689 35637 95611 93378 42009 29648
858 10
48049 78640 23842 16748 22934 54890 83065 26965 56199 64479
2244 9
52907 41287 67510 1072 5901 2579 86802 13962 30155
8232 10
2642 53919 50807 13232 75639 76261 2559 27378 53274 48305
1527 11
57432 69549 69907 35749 87633 61821 77085 56456 27382 77534 78014
5856 13
51996 1399 9544 68208 96312 86198 65307 32884 27830 55828 60909 10494 60950
1243 9
81991 34869 95145 45667 53716 11720 30294 8279 97141
1649 10
92600 60467 25245 23175 52036 25266 76065 80013 56437 51556
6580 10
73571 97376 1115 31 66649 11889 55542 67781 480 1300
8715 10
16746 6515 37207 35523 99282 56455 49514 92398 88316 48680
7623 11
60148 29517 62283 66413 79222 17748 16115 35565 91002 88658 44311
1351 11
89302 21165 31055 19843 36187 47154 59813 91501 28930 2942 36129
8589 9
66961 31715 19589 32434 58403 82105 74056 54545 18091
807 10
37474 89492 1648 9120 74967 92675 91342 18713 12158 98228
5885 10
79516 28311 51579 11689 32249 96452 49250 60279 17288 20184
5988 11
66802 73481 44669 73609 59683 21435 72935 44307 3059 18524 52086
7355 14
87476 19447 85652 59912 83844 17706 94858 77129 82119 83066 29612 14013 39465 99586
382 10
6238 34071 25096 57816 21732 86427 32577 16686 18752 55478
8411 10
25235 25138 81105 38049 84790 60208 82107 88068 63966 38858
8527 11
16151 19148 94401 9524 23018 65955 97439 31812 76033 60051 1885
9279 10
899 8995 91244 83034 24532 76171 9652 44752 7327 6564
740 9
51223 52472 58208 38908 62447 81776 67741 62087 18399
6761 10
59530 45826 66015 28765 28729 51623 41537 53101 36413 66461
8661 11
50550 75847 97226 33526 58123 90480 87073 53263 69662 90733 43177
2624 10
25284 60927 43112 24420 29384 49035 75803 18658 56868 82652
4285 9
46482 50001 92034 47665 92353 58477 22916 77460 17795
1124 11
22749 77114 28968 6475 30731 34924 43942 58333 54796 14840 27955
2019 12
19712 45876 71834 57464 62269 52019 41804 58036 19719 62081 93659 65795
1987 9
91284 16012 99942 48807 26753 68401 12008 87918 7982
5810 13
78145 7993 21603 28584 63360 61998 86804 92677 78493 74309 51085 81225 74884
6356 12
65326 17388 40096 25571 4400 21125 48094 72476 73897 68912 81947 81229
2370 11
2169 12362 95030 41032 1692 40125 4784 56371 37839 29073 76094
7759 9
8870 46054 18673 92308 21862 5659 96111 63694 93343
1508 10
19426 19562 8568 24102 96432 95112 84090 47208 91455 42613
2658 12
92277 2239 32257 68423 17993 66653 7060 31296 43496 10551 41221 8440
3796 11
83477 90438 78700 82994 89908 30784 77285 91633 11078 62749 68975
8404 10
38866 13529 44882 91728 96954 82120 37115 36801 13368 58196
17 10
96442 16957 55850 45853 29228 260 44591 51970 7594 72496
6286 12
17630 4954 76219 89494 81718 27488 35121 26168 60834 78870 39771 20746
7943 10
3135 41555 98499 47444 73886 47827 29856 312 86278 71878
284 10
51896 54762 93081 47211 80817 44892 87228 39353 88005 12040