201
3928 20
1040 11109 99984 79929 30902 32229 67684 81414 20790 98055 45529 94388 36372 15018 75480 76960 27612 41979 49155 88388
1465 20
6159 81711 71796 74811 30721 29361 82355 50666 52286 96 33539 45149 78843 38758 10613 44199 90912 7543 19036 18009
9732 19
34279 70399 68587 25547 45457 46395 59657 91031 14832 27469 30621 23745 16150 21619 5122 97489 97694 23923 50564
1764 19
47404 44025 65649 11406 54107 77315 20779 14379 64281 13065 56196 21325 56985 56758 12587 48550 14640 65781 12597
1133 20
89093 48670 67618 35861 41188 21741 20708 87020 41625 20269 4635 80544 50898 23940 6023 84375 23045 24559 22869 28103
5294 20
87435 95852 78911 93228 78899 16698 77661 80627 98765 42723 24523 35912 28350 22848 93883 99504 14456 48438 22139 48322
5065 19
32542 28614 40458 9950 71471 311 6870 20130 3096 69453 75917 99038 63892 77520 71880 28703 62380 89812 99758
4401 17
13369 8449 55061 92631 10694 90009 53624 96546 176 12535 89240 91057 27963 40054 66987 55517 2498
5763 20
78572 71306 24823 68800 59364 66108 94605 53371 59160 95236 63137 86642 69478 66230 53009 37166 75194 76502 26444 25576
2247 19
82702 68220 38308 22281 8131 30364 37130 84230 75941 51686 996 33832 36357 48484 52810 63658 81455 68102 12144
9692 17
991 12574 90107 94674 59362 89000 4046 53196 17138 49181 6893 38246 70740 10196 45235 44492 95232
2044 20
29958 39554 69029 71861 27066 89068 25945 63471 64546 92294 79761 7230 69976 59429 90947 34336 2766 73699 63723 84863
4838 18
2538 23689 59719 23567 55672 85362 73765 24674 13153 24088 34714 86431 96093 57277 92401 96055 52837 62082
6370 20
33734 88380 46583 427 32239 37690 34253 18097 91160 32566 93433 94898 93870 3501 84683 48312 43840 60385 40362 25601
8046 20
19009 1801 53710 47686 67877 80588 70965 59572 93679 13731 35624 53756 23451 70753 48638 89532 9462 52846 51652 16932
8736 20
21646 8865 94262 80692 49650 69455 33504 66827 33706 350 38512 16084 85576 11859 90079 60008 5591 51427 24446 25964
2253 20
47500 16297 89202 55119 89178 41436 25107 96855 15369 71521 225 16480 73192 77523 43078 40755 97419 15113 37203 92577
2631 20
28844 95646 53154 27196 41551 48846 91910 65968 46628 98470 51443 72913 92325 86463 39248 49839 63405 11334 72613 30747
661 20
48941 87312 32402 83190 46618 77606 50977 25973 15297 26557 49350 31489 55860 41272 44823 15973 86001 9112 5110 66405
5639 20
83004 98037 9399 37394 54255 40505 56052 35423 36910 48368 34598 80119 47904 3492 93994 10915 5820 18113 6993 24597
2392 19
5874 45798 19690 38070 61950 20247 49985 24706 62322 50451 49173 27503 13110 61279 42608 9482 48016 60584 95757
5883 18
36814 68537 30065 87478 39790 85585 31854 46693 52764 4846 84184 64138 83191 7641 16870 43798 97060 5749
1841 20
90937 21689 9497 77503 10323 6586 76892 92269 37199 57389 95102 31189 3036 8138 84061 89534 99961 66478 47022 2761
8964 20
35362 76338 96959 31142 17605 15675 97490 83880 80136 43860 80145 58163 4600 93683 75538 88448 9849 9673 53561 64755
5053 19
59378 10965 47759 45636 95967 73720 19673 93125 97335 25811 93391 63193 11913 25989 37442 56682 39551 97862 59427
6112 19
21317 87586 57834 95722 96465 1051 40142 54018 78666 6901 47382 13248 31668 61716 27539 86659 95625 93072 71160
6768 19
13673 75757 30783 88814 60876 31678 25946 13245 55850 52805 75672 9259 78517 50894 91538 82863 83608 46691 63908
6910 20
1819 1461 29866 84035 24360 92039 34096 77514 68231 29904 15916 59656 83844 15432 42546 74100 30148 79901 72794 10629
3523 20
61656 6594 34807 85122 40136 92911 69437 672 89143 49092 22389 82484 66494 56113 39469 63837 46939 83589 14623 55861
4378 18
44623 64562 2207 23163 37332 55389 69089 47181 40831 89021 31338 77216 23740 50300 74253 94117 45318 15744
1949 20
24096 18968 82966 71256 98832 52845 2883 63589 5658 7767 96757 99572 99686 77607 75188 21318 29512 46254 41367 1416
1141 17
76387 92514 22460 90440 36138 46144 22369 75236 61271 83684 14213 3452 20032 22551 97348 27304 17484
3197 20
15294 44100 59670 1864 15359 82717 46959 14783 50515 85980 57086 14134 99941 42164 15037 37650 60699 30375 43206 56321
8181 19
82963 39996 15098 76450 45999 80560 83126 49564 56979 34337 7259 52171 23141 74272 59532 29408 37489 56597 40430
4937 16
51326 67566 82694 69022 679 8708 17568 32368 40547 99772 54222 33444 14118 13013 42958 10949
7416 20
7481 15806 49827 98612 651 8933 39798 30947 35747 88622 69510 29535 26074 89393 54922 60220 64444 98283 65077 22780
5268 19
72659 86087 76207 39324 38777 76981 6354 82841 27271 18226 86878 35742 67509 43629 44171 9693 92722 36824 80163
5442 19
46339 77040 39546 11185 4414 8369 5966 65527 50758 90500 24380 84803 19549 82770 38414 76131 31644 88037 1754
8301 20
42833 77553 60520 77403 8668 33035 59243 80421 56580 68204 25209 94550 23887 73315 93091 86813 91618 79257 44378 79564
2798 19
62930 13972 5547 90997 55073 74714 25320 24639 58337 28463 39151 96876 7485 46101 79291 3363 51701 2298 36023
3435 20
46932 40744 63873 88635 68538 65899 50797 94982 15999 91562 92450 71378 22634 87263 45946 65026 78060 50652 98917 5748
9242 19
49420 21470 74072 37102 78355 1941 54825 37862 89260 26479 52262 31590 10725 86748 42919 6430 33400 29313 3638
8939 18
25643 55908 30787 48457 13825 44654 41333 2056 76353 64537 80457 49303 26683 26599 57370 66328 6110 7130
5172 20
51447 57499 4624 78612 70466 52269 6742 17102 52564 57587 40985 22553 863 71104 45727 8430 24432 67828 5955 32583
7602 19
19354 16194 57756 55866 51179 92992 68971 35322 8564 73009 69532 35406 93420 84010 24569 66308 62940 46366 20107
9717 20
24005 49619 34430 89528 31613 8818 17131 80175 54700 81030 83029 53060 31011 80746 36358 71094 87353 10492 17668 85268
1606 19
70957 22806 70198 14572 16695 443 89988 87052 82204 70712 74681 81083 60313 73298 5223 92791 93400 81745 95307
7901 19
10970 29395 83517 26579 58602 29644 57830 51089 57998 2992 46423 83308 99186 18318 80845 88339 16893 72008 88594
183 17
11397 43021 12614 21933 58566 11152 88463 22382 57239 49796 83777 95173 69806 13504 65872 24770 16414
6700 18
20001 58255 8858 75605 6836 37540 65625 56261 89962 86924 11380 7419 19502 90696 14219 64347 98647 52307
7389 18
88532 7893 19237 73191 77292 8061 57523 65733 24479 28797 96539 55750 43180 52922 6141 50251 18996 23459
8679 18
59905 24578 22541 53446 4751 72105 11756 72708 31354 8456 80923 84389 95335 9977 32609 91990 69152 80286
3433 19
71399 95524 5421 80172 22651 45251 83669 19146 54041 24680 98998 93282 36726 60305 94544 66059 18941 29242 75651
9 19
83907 31528 35949 67053 38744 75171 90178 23584 64402 83380 95375 21205 15538 73654 51373 91115 18888 32264 72742
4433 20
64294 46541 94976 51203 51197 53097 68362 10802 54230 12864 84020 27731 43036 23365 63561 29276 19352 38711 66206 66372
381 16
83622 64923 41769 26995 75098 86835 13349 8747 17315 7 2754 40665 97925 23543 3837 78218
9029 19
8174 21238 93249 14741 86492 90513 67385 73968 87109 15784 54927 15282 67865 15325 9474 63312 16128 76134 26710
4718 16
87945 60111 60546 81914 64054 2682 83680 57634 39645 59091 35082 6348 82377 89123 7340 59524
3015 19
55366 59103 18432 94206 34244 44696 84758 4840 45093 56574 10788 45619 12014 50932 62459 60802 61320 57506 32227
9530 19
78919 59229 30646 46332 27657 65930 70247 94433 71577 72234 84206 5518 83438 3263 71665 3782 91234 8645 18334
4016 20
96984 52193 39368 59159 44634 416 3854 95660 90385 36916 94834 87430 5140 76887 47331 55216 65954 52022 36082 81953
9737 19
71264 72656 84487 29563 41855 38358 66868 55201 14225 6091 67947 29742 58047 71043 29309 67536 86655 89434 48490
3169 20
81404 68833 21488 88523 47381 91815 27517 50325 39686 21040 45464 14258 55535 32833 61712 27591 28600 83548 51699 97013
6702 19
32460 89309 25794 18442 19296 36390 25065 65657 45821 46273 22817 75983 76843 41999 8808 81785 93166 63639 50753
3996 20
1780 51051 57060 43290 58993 70919 35666 47535 87377 84099 80609 51006 87655 61597 55704 75272 92155 93675 85299 11956
6189 20
84448 29089 80523 60912 16253 99320 27544 57806 27676 72577 28025 73003 77413 55154 75602 74773 38508 35114 35704 55709
9619 19
16869 67923 53603 97570 89384 74864 71889 81817 99231 63514 93670 94054 8715 4945 41545 22074 59750 33053 66905
9793 19
22105 33714 89104 35267 34477 62251 66386 66722 41565 75649 86745 79106 55245 20778 41827 65939 49750 16158 45172
417 20
1989 6910 94957 53611 54617 35858 275 15324 96586 66048 10368 24763 99685 93582 60189 47041 23860 42052 67351 95889
7709 19
99195 24499 28069 69407 9816 71892 58854 6194 78733 23021 56021 67654 91415 53259 88615 70512 80735 37972 17174
1928 19
91387 30272 71206 13849 2137 71220 56262 98559 37082 78401 28227 7612 16058 29389 9633 97196 35298 99276 83502
2829 19
77091 27028 91436 60182 74154 85080 9546 8252 41562 13207 97508 91369 85274 82823 97725 56084 85013 52043 96141
6977 17
66128 32183 70449 71114 50143 34286 75975 32393 26326 17293 1942 99975 97203 16614 48057 70124 99006
7491 18
32661 60681 24104 14389 29611 21049 39743 67568 89044 70505 75423 25513 39338 6316 43424 48935 8221 69142
2349 19
24419 62182 80646 2522 82078 96688 56039 33724 37734 66289 10765 42943 35580 36751 61782 60156 88663 42535 287
7484 20
30428 6999 499 97413 33899 74915 24604 1233 33011 62288 51693 35042 94567 31262 83090 68859 13048 89053 80159 27513
8531 20
36364 65222 18210 51681 98543 47191 81979 29678 64312 76901 52444 87376 36051 95539 179 1931 63130 30210 45256 31881
8444 14
82926 68689 13254 3117 19339 65096 32100 29015 91193 85755 4627 67916 37536 93608
1364 20
46785 61473 9703 53457 22118 67215 6637 5480 50191 16602 35016 83629 13278 36175 7442 78179 43337 18075 95115 31631
8750 18
51553 34853 38092 58401 56668 88161 7264 49185 83312 87766 22364 32270 44610 92134 9468 74777 31847 62683
9395 19
63323 73868 3728 38865 74413 80327 76918 95505 47997 74230 72621 50843 37366 11216 84421 39446 26482 33518 72655
2325 19
72250 62375 84942 88131 164 356 77998 29651 99729 35649 78626 7115 62261 9016 89195 28641 96724 99825 67783
315 17
39638 17257 52372 89170 91951 46715 98934 66669 42486 18077 83875 43258 51781 69686 89555 73896 63807
5036 20
31959 9900 45519 77929 13644 18083 92696 39903 29604 46328 30645 579 40914 39032 53126 58639 85664 13524 52674 35359
5006 19
54408 54828 50106 68314 43268 21514 30427 91079 53649 6050 25614 12938 18289 57867 64415 76702 95257 35815 39830
8591 18
31632 10379 50910 84079 55863 31112 79328 4367 30074 78446 94483 64419 92938 60267 60237 2595 49613 58214
2759 20
39908 59588 22593 33693 20900 90412 43513 39207 18178 48522 10911 89978 49471 90172 76238 23359 23179 91442 32169 59994
3038 20
54995 77961 87132 35781 39108 74535 69583 39175 6670 78023 15187 77621 54771 6021 85081 42724 15116 83715 87299 88556
4951 19
60464 83976 54317 96872 60946 68640 17168 17051 47056 80866 4648 94786 99435 84586 9077 81802 97325 58531 79988
1962 19
37278 84765 44428 96281 62671 73818 2502 30483 58664 29826 89879 68175 82765 51671 10878 78135 69742 96098 73637
3313 19
15087 29810 39101 21240 78315 27001 16056 55400 69247 61534 27145 76838 97791 29372 86764 13500 54001 15393 12670
8922 20
85397 77920 65273 41981 18982 44118 54162 39595 50624 20304 42017 66324 65981 21587 96594 67842 89647 3565 81571 84996
7072 19
23190 95736 17708 39286 3659 96718 60880 95521 23931 52746 26289 80706 73842 28666 14344 90714 96889 97556 72820
1750 20
18814 80077 97517 91723 91749 62902 74833 84480 70715 28733 68603 68908 10305 11023 64392 7149 41618 54370 3419 44587
2054 20
92636 91659 1710 6185 27668 44097 85047 64013 64706 45711 15150 57039 78222 78287 80293 59767 94677 2201 93387 38213
3250 19
84792 24436 18470 53961 2956 37840 87903 74616 41381 15285 82689 3942 86017 13094 83947 85404 64919 30398 58421
904 17
1135 16486 26397 97527 64466 31208 62617 53568 86297 37057 44808 71323 90569 7538 24713 96928 28012
1267 20
96082 17825 66432 40834 13994 5885 53688 9506 34469 39525 592 30878 9453 62486 90776 67886 91226 82685 18473 2829
7793 19
20711 64014 18067 73878 76578 61304 94310 76605 85846 19140 72487 71042 58735 45180 32914 74441 72328 31285 32793
4188 20
55107 24790 78967 4685 65716 74653 48855 61295 3949 9443 98086 9776 42996 94512 95029 53254 61376 78816 40737 49469
9980 19
95073 65284 18809 67749 65687 93626 7725 26187 62181 54620 13131 29629 75845 76719 64647 27823 71117 678 90109
1708 19
30200 47750 16336 97263 30138 67395 79508 35718 63266 45679 73555 85474 42746 93112 55210 13969 5363 7109 30026
9730 20
70796 24739 58576 55585 14811 22331 64189 86731 32356 95043 46789 90332 93533 77896 11655 9781 97708 19222 6266 53014
8477 20
98545 1345 74320 31932 2488 92382 63522 93866 5189 77580 39721 19176 94715 77335 17832 17685 64335 42039 69391 68110
972 20
43377 67802 47495 17859 27474 16153 41005 15185 22442 90445 2389 23737 60423 42783 67061 2497 71103 55508 54586 35199
8728 19
71936 35203 33260 69082 65433 50050 87702 32405 56671 10134 74374 73194 74978 35881 72584 47730 18116 81479 15654
3940 17
86701 97083 95469 46368 21728 93821 58153 81194 49524 31355 99161 82599 37621 30845 15831 13590 94706
8713 16
67293 34939 1490 28902 80978 79029 34916 30057 42292 23882 5124 16942 43209 61429 72714 10372
1065 19
77947 91882 87160 78289 73016 93966 56400 54970 9015 76483 33295 36080 88148 59899 39346 28543 50281 9836 95946
875 18
22879 69768 16430 83367 45012 34973 58702 25801 76351 19725 66502 7369 1076 50280 23244 24063 18696 31777
8252 20
15644 24053 43887 1999 37139 22870 75849 95482 36026 70777 48007 41332 23250 36571 62528 7933 82089 29847 3773 66036
6937 20
47247 36164 80846 97743 63659 60107 85692 33859 15426 26012 90470 96138 2814 64550 20272 89923 62652 62072 44769 6552
2596 17
7317 89768 27348 39432 81132 77235 62448 55132 61967 85984 92388 99555 99463 76435 34838 8770 27542
5459 20
74593 8289 76319 36297 56292 7251 36989 71312 25424 46840 69708 39300 74022 98948 15186 62777 28672 32933 95151 1242
6467 17
36249 45015 4650 68895 16462 17637 16644 51012 27241 22893 11965 98814 72567 41570 69862 81784 96402
208 20
17221 5067 37385 98969 16078 12911 94900 99888 78411 67551 77285 57362 92876 21996 41637 86967 12886 61799 22880 35259
6681 19
91180 20095 2919 61662 50712 81470 65508 18428 62095 31145 34476 25917 87963 13526 49451 71418 73261 40452 40767
8364 16
4091 41327 72560 81998 88838 97319 11546 24009 12066 96410 97865 83689 61859 60410 27425 57450
9618 19
98375 59376 62769 22615 69299 62320 89076 82354 44304 98974 33397 50619 25482 8646 9983 2458 4238 94777 84855
5412 17
62324 21940 22357 55206 64862 12705 56887 44305 8454 93178 69467 25869 16411 14233 12681 50635 46830
6104 17
1238 49483 65616 85380 7215 81810 67613 99545 89997 37938 96143 99653 73511 88630 79905 74752 10205
7558 16
50669 77763 4395 15352 16721 10365 60484 15771 39203 83924 31456 65987 29185 76618 55276 44963
9060 19
17460 91847 85768 78524 75184 15588 58438 32288 49125 82115 73534 30539 2832 39421 51498 28418 47744 3631 21954
415 20
35379 51182 35870 89686 4159 81386 54775 23893 38207 51525 14555 31832 27588 20048 32142 48942 61405 5888 33165 16613
1991 19
73953 60564 68417 10423 48448 94371 74190 5893 44969 85632 17969 39228 66087 64320 17214 86998 39315 19294 94589
2830 20
73779 43765 27169 2816 85802 50999 24754 93477 11521 52506 81508 66058 69904 17347 2023 22923 62515 74125 3571 65030
8784 19
5372 50502 51993 38343 10223 30512 37047 82046 87260 67980 79063 54925 75460 20152 33089 9527 65022 20149 92449
8855 20
96934 45960 53255 91202 67913 89841 24195 43567 60260 33684 710 83507 2662 28196 20054 52502 77332 38041 43694 24800
1694 14
70831 70062 18762 11858 89621 10267 17784 56832 13145 88937 55626 96424 36248 75888
1561 18
30326 71237 38789 92091 25619 18027 58267 92126 9880 16710 37006 87458 53032 16984 90433 5669 37612 27889
9836 19
15151 78858 64956 79991 86374 32683 72558 92220 84746 85288 54368 65991 46523 10156 37094 34747 49563 32046 63244
379 18
60701 50125 58268 83468 49135 86948 97853 93399 40299 32075 6458 48493 89172 39454 72588 64684 47267 97232
6712 19
87917 28022 10214 14454 4014 60773 76611 89403 15454 4260 36804 55337 62255 85203 8461 90135 82890 72059 21673
5524 20
48189 83834 27795 51040 35460 55998 77257 44437 1160 47806 62685 7213 93740 57821 16670 30022 87711 72562 57790 7378
9800 18
29458 21735 37308 62670 39110 72219 83343 72334 97820 62235 42314 27170 4382 16573 84088 65584 29173 87909
6976 19
81336 89056 92586 97336 11231 2163 56081 92699 97119 89120 74902 32712 66507 34239 26150 60936 80822 64849 33516
6366 19
10129 42529 98812 48616 98958 45692 2968 49527 91295 17822 53184 18337 70577 39902 87163 46669 81282 74198 56159
4275 20
46631 60857 63686 80892 86342 47970 99148 21220 70417 71821 2809 4338 32042 39744 95189 86091 80800 93416 98905 92110
5044 20
75461 95696 35396 68627 52869 24855 31816 46512 81268 25684 43088 27376 54043 61145 25110 91104 22530 31022 19821 14489
3675 20
13161 6693 94843 52467 34774 70481 8365 81188 12 36141 21984 32384 36585 17439 82226 35061 94385 78234 66608 40539
6298 16
56572 97455 25529 93876 92349 88183 51032 78389 79961 28212 52291 13240 22914 48084 17337 32928
7380 20
49526 86398 35840 90981 91080 86337 77412 87971 28082 82460 93267 2230 12342 38921 64757 31465 37914 60172 60646 20947
165 18
70232 77458 56855 28355 37089 6338 82111 76135 81958 78600 57068 71402 78531 77356 91426 51720 88798 29967
565 18
94326 1022 93177 16487 68933 68861 22766 46224 59147 26902 50365 57301 72658 70360 88491 9086 61311 3890
1266 19
19803 24475 45688 86379 54414 97665 64969 57823 94545 65302 68386 9762 54457 6052 84104 40349 58824 60538 87745
6449 18
54278 36423 1778 86480 83361 50990 50929 8432 69612 13464 55498 48965 96029 13622 33929 56767 75838 12395
9851 19
41277 46002 56519 9592 59557 57908 73101 87011 12343 42771 70436 56173 69980 3380 83685 49534 99196 89482 17211
7557 19
31883 98991 45739 56578 86238 89518 40655 4837 38895 61791 39949 82235 71193 75834 6468 90708 23140 31895 21062
264 19
73181 32309 59053 19188 58244 99300 92154 51971 49444 43906 12083 22244 68055 99607 33829 25941 49927 26064 69178
1340 18
48422 30989 2184 79385 26338 29399 66307 7179 83278 2239 7227 11220 46563 56105 9369 18235 42587 70815
1851 20
62449 42784 8076 90832 98532 71754 24372 47864 93418 75646 79332 70104 26999 70893 19732 85434 94077 2958 29689 18328
2274 20
13812 95580 21433 5724 14237 18594 69748 706 45754 81383 51872 20424 31581 5336 83970 50802 71022 95634 89548 68863
7197 19
33752 79354 40527 45087 9789 70548 60373 57881 37221 35493 57825 50884 22905 29183 47711 32052 85002 23852 17486
8136 15
31525 30214 56416 4820 81359 27333 44528 39774 52929 89479 57459 16539 84376 4341 88932
8317 17
82157 57395 59359 44934 84694 55462 21796 63626 44701 52107 43630 55447 48987 51053 23557 2789 87424
8040 17
63569 51641 73875 68189 56188 46839 89967 58420 67312 68973 42018 68347 93939 5476 73252 4194 50559
984 18
5364 20155 38364 55512 64584 3149 10131 98443 62866 3243 78657 26821 43392 43599 29093 73305 67207 99627
1120 18
23815 56255 97012 46760 40692 88529 2804 95433 41930 32836 71055 32711 19989 77685 16512 76503 89004 25925
8408 18
9756 16222 31076 23569 13455 63077 27938 35896 40222 47632 3312 82975 5279 4098 69966 37821 22006 46750
3445 20
66283 27253 4892 42696 33382 86625 85296 37423 51247 4035 64997 96884 81792 38675 34801 54121 21852 67596 44515 61680
3995 18
98541 26424 24720 41186 66268 9532 17806 77398 50498 26309 89267 83365 15730 11629 88766 84043 50262 86451
1535 18
67447 58709 24974 82578 34440 49973 24453 2985 88028 83296 57572 75623 25470 52945 39256 17002 60589 63656
1586 18
99143 64819 81029 6839 72033 75129 30002 45853 9184 5425 37911 98168 70460 46358 59150 79629 91872 42446
177 18
56212 95196 74013 35086 79625 32108 58466 68856 24856 38787 859 58838 63728 41033 86060 56541 45612 722
1379 19
40691 18061 99303 94194 50974 6759 79392 50975 29568 70157 13597 5584 98744 30402 54450 35731 91675 33885 26558
7287 18
31985 75752 35972 9724 70999 91452 56179 31373 51665 12943 47716 53773 35538 67875 18785 73935 41289 84244
4040 20
82759 22430 11924 65694 21499 63898 45873 66779 96219 8867 52041 26095 98640 99214 67458 30424 14432 12231 34899 89659
819 20
42237 46521 9051 59985 38840 36913 46094 90790 375 71082 56750 30841 32648 36266 63321 83060 32313 4057 821 56340
1045 20
17105 25087 20595 95978 77344 63622 90560 21886 41485 54028 20566 44114 43439 87873 56316 91949 29992 39892 38313 49560
9985 19
5474 86708 18118 352 81477 35989 4521 95315 81469 46976 43277 39791 57997 13262 94829 27065 44342 31641 71651
5721 17
79046 3185 66771 18431 69554 55208 59759 3224 14241 72202 61491 69753 8962 27523 7191 33613 52779
2922 20
32682 30076 45653 19408 42405 88220 72829 26814 75524 16526 33656 9446 87058 33208 76311 72305 62828 40862 51794 53663
7037 20
48985 81267 53124 43135 83890 48839 56971 76844 53984 99397 43065 91291 65088 78772 47961 5450 12469 80734 30514 37019
3525 18
60690 22992 53202 39839 33222 88124 26248 28338 90138 4701 9648 72796 89782 54655 97816 80204 11729 99793
9813 15
18786 82552 95356 82314 64818 92099 64016 94623 3869 99436 13082 64046 64462 78608 46582
6496 18
18901 62086 68594 89444 36859 80837 77943 91222 76564 90177 34085 84 92286 70534 69718 18283 64675 45780
2442 20
98604 84503 25730 48399 73543 99505 48981 58775 27609 31444 48214 4533 40660 16400 72868 16842 69852 62385 96549 9663
8705 18
90488 10597 95673 30052 32535 92879 96302 10174 76391 6164 24516 36907 60599 82756 90814 96945 38588 78570
4328 12
68827 26673 64915 91145 46735 80295 38589 32738 96328 90095 50464 32514
5273 20
45572 71232 4893 28435 26494 7012 39158 53993 35211 34080 57504 7902 29422 75162 36723 87102 70575 41585 79617 17836
1692 18
12711 51199 1643 13679 56466 17111 19384 87509 75801 36480 93036 56858 97683 93935 68516 3721 44581 45606
7687 18
79820 56716 63581 77306 45992 77380 85887 77848 53347 21087 21971 82606 24026 40779 13022 47725 21138 36689
836 19
79309 88896 58737 32937 65475 11472 43994 48816 46794 21077 33905 95451 26497 23010 65888 42037 33446 66978 56437
2664 18
52093 84514 69525 70202 65434 57718 47150 73448 47589 80596 57976 96111 31295 73485 91693 60287 30059 39531
1622 18
70892 82130 45074 99205 45923 16534 82155 11158 59405 86851 11246 97323 67191 71550 7142 65512 75768 92452
1908 18
7439 77782 54764 73661 20751 90503 62615 70876 40768 62002 28761 52161 85501 94935 86163 65457 59263 88155
5701 16
68735 64425 28281 30569 84038 43970 99776 74897 31361 22166 59636 6398 79089 40605 61055 27509
1537 20
83836 48693 12074 77438 74527 97801 42729 91907 10681 61374 87307 33275 37321 69114 17099 72268 54007 2729 6451 86409
8471 18
78117 94993 69879 35984 16276 82112 8621 88411 56064 34159 84197 59116 96319 85198 55075 33641 95942 94936
7174 15
47798 1840 8150 68974 66364 90732 95982 34610 76634 50194 25411 96144 519 66214 889
5311 18
88308 47594 27 73422 85283 52285 82953 75001 71301 41168 81510 56186 66267 5980 26765 40337 31674 76763
1788 20
69912 98365 26980 62435 33945 40213 80717 13868 35161 23627 97808 3752 74816 71187 64524 31018 23488 52092 76629 98672
5591 19
24683 83878 26456 97283 88136 52095 81217 99839 51549 61275 50450 88878 58858 39808 8994 14661 91090 96137 69509
3749 15
40071 34952 6135 5157 80760 33851 53713 99459 99171 20994 1725 68045 52300 64239 85040
3952 20
37235 82666 377 22188 2183 52156 62125 89937 79806 41835 69110 51548 23289 14085 6970 49523 9380 38080 61292 96668
1334 20
8339 18461 22186 45848 83091 69265 5880 41435 27934 63640 55424 15579 95044 26470 61348 56533 6596 40785 90367 90521
2219 20
18150 16839 6981 94060 32374 45423 64114 21066 80060 30534 22834 53090 56046 79506 81731 56654 47192 55321 54038 55360
6468 20
33024 70998 45359 52653 12308 38772 39842 6743 5418 29476 93445 60710 84678 2730 85490 43956 3664 15038 81275 68680
1550 16
68279 46278 27391 39689 95024 9830 53781 32205 76247 33528 55633 96794 40400 94711 18735 38858
4241 18
65406 22983 57750 63342 28901 11817 80956 62174 87208 32512 39604 94093 64581 69432 23074 72229 5812 16678
6550 19
94970 97138 10051 35700 31067 49892 65313 11530 97857 7958 93066 63103 12759 33058 80912 57286 85050 57527 16395